20 84 7957 4829 9046 8489 7387 8767 6678 4248 4651 1592 2438 4357 4128 7620 3772 2805 7650 3470 788
1 88
1 187
1 303
16 474 519 5572 5743 8209 8715 6304 4615 2288 5374 4636 7941 7643 8101 4798 3746
36 568 1776 8578 19 2641 2143 9965 8795 4493 9179 3537 1627 7685 9436 4125 779 6953 1695 3070 3292 7502 8492 6470 5055 1377 5294 5973 4779 3378 3111 8735 2376 2656 7996 2492 9014
1 677
9 719 6663 225 5267 3082 6216 422 2480 2776
1 1066
10 1178 9679 7129 7104 9011 1869 4998 8238 7376 1801
1 1209
1 1315
1 1335
23 1515 5860 4815 6985 6382 703 6169 4478 3523 2708 8181 727 7201 4740 9518 7408 2688 1225 3207 4983 5447 7485 1185
1 1543
13 1560 8758 1724 9199 671 6078 92 942 5751 8188 751 4017 4643
1 1757
12 1992 6916 4546 5864 5176 7967 2373 9987 9299 3757 3761 8199
1 2135
29 2356 9888 445 8458 7398 881 2178 1557 7732 7209 6584 8529 6024 5584 9617 2840 8414 3313 4592 9117 4319 9380 6479 3969 4662 9430 8921 2169 2273
1 2432
1 2519
1 2571
2 2695 2316
1 2920
1 2949
1 3156
14 3253 2061 6849 2436 9135 2323 4914 1845 5782 9822 5835 2107 2035 5915
53 3580 5086 9744 1267 4507 8351 7574 1223 448 4361 7470 6671 3834 6577 5319 4755 7979 9893 5397 9582 9907 5916 3668 6646 6395 6623 588 931 7304 5378 2202 8084 3096 1829 4949 2342 9261 3472 8912 7895 8287 3810 5053 7607 571 2579 1270 6233 5392 1268 6254 7264 6295
1 3629
20 3696 4058 9121 1414 4428 9586 1527 6128 7876 1830 5732 6029 9702 3493 9541 9418 5171 3340 9378 5880
1 3869
1 4008
3 4078 4618 3970
1 4094
1 4309
1 4377
101 4435 7929 7117 368 608 442 6410 5996 5553 8303 8909 2386 525 6709 2405 2757 905 7433 4936 5195 8156 6715 3687 5652 316 5817 3652 2113 4723 3836 2321 9507 443 7057 2961 3390 5760 1148 3718 5896 9494 8168 2337 770 5413 9220 4741 2786 5661 6665 4203 2940 8278 9711 5388 8311 7742 4820 6088 1327 6968 6514 1052 5545 8 4220 8606 6093 7834 7409 7831 8613 6212 56 8959 3405 6151 5047 5434 329 845 9669 535 2623 432 6676 7166 9499 7702 1141 6635 9637 6080 4295 1084 2847 9277 3172 4649 2516 6644
1 4525
1 4839
1 5018
1 5299
1 5335
1 5440
14 5868 7401 6547 4474 9309 299 1128 145 4363 7349 7676 746 4908 7427
1 5970
1 6002
37 6031 4855 6199 1942 4365 3293 8571 9351 4106 9376 4009 7701 613 11 9139 1283 8400 362 6599 2792 1360 8678 7157 6586 2069 7644 7241 229 8409 3558 8455 5266 3933 1157 3094 9332 4131
54 6252 273 4854 823 169 7284 7386 3778 6580 3636 7405 1857 4982 5969 3568 8822 8863 914 7653 4712 3919 9442 1933 5071 2563 2289 5455 679 2456 4641 4904 7649 2300 9259 6465 4522 7138 5474 5637 1972 5436 447 3611 9317 2280 2221 1602 6258 8396 6994 5058 6433 430 9241
5 6403 117 6804 313 3542
29 6412 3444 3257 2079 6851 4184 8605 3079 9934 2383 618 2596 689 8692 3449 9110 639 2390 4235 2633 4646 4543 6495 8291 6527 592 9029 1626 4487
1 6466
1 6670
1 6783
41 7013 7040 7196 435 9815 6942 7243 3544 4228 780 6922 6069 497 3585 9562 6480 5433 8298 3818 5422 4990 9761 3435 531 9576 9127 6363 8108 670 8960 3574 1980 2526 5664 4378 5379 6920 3661 3277 5442 9593
2 7109 6695
48 7399 8703 4414 7319 4437 2293 3775 7096 896 9742 1553 1441 6132 7263 4099 7811 4027 3102 4034 9295 180 195 1654 9181 2485 2911 7917 9740 4517 4974 4801 5614 1941 7969 4004 2678 3483 1666 487 5506 963 5988 4332 707 3858 1652 4897 1290
1 7463
1 7475
1 7928
32 7956 7913 8587 7889 7253 5371 8530 6154 9788 2027 4505 4370 2590 5059 752 1017 1711 8233 8896 1610 9102 8930 2971 9188 4900 4579 4765 344 339 2980 4252 6464
1 7965
1 8175
1 8292
1 8310
7 8640 3855 9052 7347 5698 2335 2881
31 8773 6198 9473 4318 1884 8236 2059 5263 3508 6105 3072 2364 1342 8299 6874 4442 6442 8997 7999 8656 3968 8025 4032 4420 1850 6846 6517 4459 8325 8127 5925
1 9313
1 9393
1 9707
48 9913 3371 1803 2942 8459 945 2422 71 6554 520 2018 4738 5118 2081 2471 5109 8771 179 3725 5119 3382 6759 6531 9093 5114 7550 9924 3151 2127 7771 829 5573 8305 621 5078 1498 3563 3711 1243 5736 3485 9367 5363 6626 4254 9059 6937 6487
1 2465
1 9976
70 4379 9675 9852 6110 9191 9929 801 605 2542 3943 7738 8914 2676 1578 162 2454 8002 8893 4083 2815 5131 4392 4180 2564 1398 1991 8142 7432 1868 1495 1600 2094 2734 265 1617 6291 8321 1129 7343 4808 8341 1482 2604 5895 9568 301 4418 4315 6534 5806 913 2521 8380 5003 9427 1452 3533 7953 8503 791 5198 1837 6950 8910 5811 176 7611 7717 9467 4189
1 3607
1 5497
1 9847
21 8878 9449 394 3614 4703 380 7636 5072 1772 3123 2116 1501 3416 589 5191 4660 6862 278 1753 7403 3241
1 9752
1 2735
32 9084 4307 5113 1363 5369 486 6640 7308 5281 7522 9178 7053 4151 6472 8625 860 7756 460 6355 7981 3803 6723 664 2968 573 3071 4229 5328 5185 1793 6383 5145
1 7429
14 7657 375 3409 206 2495 3068 1208 5771 5554 6197 5792 5632 7971 7604
66 4090 1040 864 9985 9452 8021 9246 5679 2240 156 7118 6393 6106 8237 1045 1159 7339 8026 4689 4293 938 1831 2048 1104 3496 8533 8229 2397 8830 6800 538 1264 862 7414 6921 576 536 816 586 9208 2622 8446 9810 3372 1981 7998 3031 8502 7295 9344 5152 9342 917 4655 7517 2858 5 3634 1950 1400 3764 3355 3670 9108 5680 827
159 3442 222 2109 1905 6281 9706 9880 6167 9142 8903 515 7570 594 9658 6861 7298 4770 5117 6970 9848 5032 4985 5587 1989 50 6777 1836 7820 701 7330 6697 841 3516 6787 8318 8846 2820 5585 3506 5468 5945 9323 4500 8709 743 9050 2403 7139 9802 1007 3059 5832 1131 8757 2158 6660 2124 8422 954 9107 8474 167 6284 9713 5438 5231 6520 9468 9603 5126 1258 8769 5321 4178 8483 4480 54 1742 2647 3131 8230 4271 3552 2727 7774 7038 9098 3303 5912 8677 9063 5886 2002 3954 5884 835 764 9857 7144 3243 8389 6022 4672 3944 7181 4931 4483 5030 6017 9841 3063 9206 1928 4757 8658 4037 9525 7621 1708 3350 1484 4721 5797 7218 2392 5609 3268 5784 1426 4599 5079 5461 5338 1362 351 1694 8818 1878 6892 8066 33 4380 1172 8276 2743 1506 5676 1039 8235 8619 8639 932 4294 4108 747 1987 9999 3240 6194
91 5693 1005 8158 3329 3828 4316 8817 5904 6773 1266 1065 4789 5484 4237 1235 510 3796 9250 2142 663 8673 7635 22 9092 3101 9630 1078 7734 1854 4852 2299 4259 9739 3299 999 7260 5166 4469 859 8539 4323 6604 5002 4218 2062 3399 4188 3262 5561 9456 8841 3613 1253 2634 6975 8813 1796 771 2016 6308 8931 7978 260 1289 997 9868 3551 9651 5552 2348 8061 2430 1566 940 4535 738 7720 104 2451 9946 8567 1750 1469 3448 6174 5639 9086 6560 5525 5738 1165
1 672
1 6822
14 4494 9550 5027 4885 233 7840 8504 9410 9138 1281 8367 5830 161 1587
24 549 3555 7534 102 6814 2802 2290 6081 5844 1412 425 9963 717 7670 2028 207 9856 7655 132 1737 3187 3132 3497 1196
1 9619
1 1305
14 9563 1135 7064 3566 7662 9071 846 3885 596 1792 7503 1859 382 514
1 6263
1 5192
18 3055 3578 6912 6189 7864 2026 2963 9691 3865 1002 9320 1325 91 1023 2665 9917 6513 1468
1 1097
1 4601
1 9003
19 2247 5424 3608 4959 9527 2304 9546 2732 4872 2394 6516 7518 6929 3324 6781 6092 2987 9615 1608
18 2015 4894 9768 6659 74 8506 8617 9284 7274 3203 4838 3867 1110 967 1521 397 4328 8800
1 4742
1 700
1 423
1 8518
1 1273
1 8731
1 6689
96 8890 9799 4733 7808 6407 8998 2602 9900 1415 8160 8023 6868 3157 6056 5998 7221 4068 9623 9482 4939 6909 2907 5933 1417 2393 1891 2206 1166 7474 7334 1248 6674 6566 1561 7843 3505 5709 1271 5140 1681 8688 5804 3077 3925 9994 4002 1736 4718 2694 8916 5417 8212 3356 4533 4768 2935 2051 3635 2808 6622 3948 6726 4055 5353 3606 5801 2729 4893 6743 4777 3267 7587 7368 9270 6888 4272 6779 5314 3999 6312 7750 5470 8004 2535 1037 1741 683 688 1921 8974 695 9455 1730 1249 7767 6328
1 9514
1 2720
1 7861
1 3090
1 713
1 6277
1 5934
91 6901 920 4003 5212 1508 7567 4764 2751 645 6244 2033 8306 1733 4403 5628 2186 8779 812 2445 8476 7461 2398 7853 9732 7292 5258 6948 4902 4963 3242 3391 4512 8165 2311 385 2131 466 8611 407 2379 1478 4005 6028 8714 4707 9794 8256 8124 1915 8000 2488 1607 1085 4183 9197 1586 5362 5596 2592 6148 6958 2170 4308 3304 8216 762 7183 5964 3641 3035 3417 8152 1195 3113 4079 6685 6627 5563 4729 1473 5753 6998 9169 7350 4759 9454 8249 6955 6441 540 7991
1 6815
1 7070
42 4679 2559 1100 1033 9664 6090 1025 3916 8498 6636 7032 6525 2102 6225 5789 2350 968 43 9039 2873 7995 9515 5645 760 8286 8875 4176 6054 27 2334 787 6588 8241 6812 2555 8330 5741 8050 8704 1780 6347 8623
1 5445
60 1105 961 3359 4878 1132 9224 4265 3178 2190 3567 5000 3939 5575 8432 5739 8873 1827 7331 9862 2793 9244 5220 6142 3237 6600 7646 5080 3413 6707 6977 2197 4874 2700 1538 3813 1727 8247 5877 2413 3010 7773 4578 1770 7076 7137 3484 7886 5849 2918 6720 5893 3383 2572 5111 3713 6075 8730 226 1919 496
1 2883
1 3817
1 9305
1 4059
1 1138
1 5324
1 1867
1 4758
86 311 372 6455 3067 1959 5214 3163 6824 561 5154 1420 1819 3645 4899 216 5473 1747 6452 8516 7259 776 5583 8976 2959 9778 2561 7148 754 1876 9462 9302 6184 4523 5073 3877 6292 492 8460 7147 7842 8650 6974 1842 6290 3282 6231 4486 6894 5286 8461 2778 1036 8443 337 8900 9201 6841 8592 7128 5277 7835 4954 2380 7480 6388 6651 6506 5542 7306 2872 4827 3312 5199 9453 7545 3806 2699 6949 110 4381 1916 4448 4961 4385 2029 3171
27 6381 7952 6485 6658 8277 5189 6053 3461 4935 7768 8370 7779 2957 7546 8462 3947 7379 9255 2118 8667 9249 9132 1188 929 9441 281 1692
1 2917
31 6706 3654 4536 4405 119 5593 3420 9712 4297 6581 6165 8268 8289 9407 8383 8732 6572 5611 7345 1449 7725 5416 8889 983 4674 2378 723 8280 9488 359 6324
1 769
63 5717 24 6274 8642 4913 8671 6222 348 2585 4123 2613 5695 6871 9276 9232 2661 6680 9838 8883 3597 9001 4470 2607 5976 7071 2494 2682 2462 682 4560 6249 4529 7786 9594 5687 4619 3061 2285 2093 870 5963 5513 9914 1164 250 1671 5882 363 9423 8362 7377 7543 8676 3774 7124 2447 6289 748 9899 7848 8526 6027 2351
1 4071
1 606
1 8708
1 3549
1 7499
1 3307
1 8477
1 5235
1 5300
1 9409
92 8950 2869 3396 1218 720 8198 9497 5135 8112 6182 8595 2984 7162 1355 4709 3169 5766 9346 7169 2045 5550 1595 286 7316 8062 8486 934 7301 2525 7048 711 4347 147 5526 8014 1004 1785 3228 4884 6999 847 6268 9077 1153 6278 981 8781 4751 4943 7526 5454 6419 5745 6867 8752 3800 4797 2182 6899 6084 6100 6330 4627 9414 5015 5781 995 5493 2779 4321 3934 3728 5775 3407 8712 1483 7589 6760 8777 7473 3166 861 593 323 4193 1076 4095 6934 642 9599 4972 5013
21 3167 8962 2357 8848 3170 3362 2626 8348 7683 267 7323 5031 4969 23 8164 5373 8826 5670 9287 953 4499
89 563 4150 284 7465 9798 7615 8913 9580 236 8053 7989 4574 5834 3302 4814 2574 4922 2372 7947 2716 2262 8934 6731 4859 7261 3705 3932 7054 7348 2349 8908 228 7713 5458 5592 1088 9918 7393 2090 1003 3286 8178 343 7115 6748 616 2055 5125 4725 9281 6288 9673 3279 2691 9334 4158 5944 8847 9227 3589 710 4348 6453 7111 1020 5020 3857 4803 2586 8740 4750 1019 4292 9517 1300 7472 2897 2530 9766 181 8710 2276 9796 6063 3289 2597 8022 8850 6111
17 768 4637 684 3351 9988 8284 2947 6522 6774 4407 2325 1818 2994 7101 5216 8153 2340
42 8670 5885 7116 1593 6735 627 4673 9171 5678 7628 9221 5284 2151 5523 8540 4330 3221 8646 8705 8031 7077 9103 2614 2345 4219 543 9534 9421 5532 3714 399 8935 5143 6810 2715 1394 4851 8755 3137 7547 5464 5083
1 6807
11 7561 6115 7210 6457 4717 9385 5205 287 9147 9294 2746
28 2384 541 6740 4693 8586 9685 9996 1192 2899 8614 4050 9251 9769 9483 6563 2934 5240 830 6000 5719 9231 2154 2063 5092 3672 9333 9784 8307
66 6831 3988 7249 5887 4502 3866 4349 168 4101 6076 8034 5405 7134 3418 6013 9458 3770 1109 6971 9234 6279 5400 9539 7555 1862 9962 8300 5260 2343 6946 3532 5100 3959 4204 8764 8525 2545 5175 1068 9425 7661 1853 227 2712 7063 3376 972 3360 253 8583 3374 7327 2524 3935 9958 3960 1769 4754 9866 3387 5796 7504 814 9389 6030 8083
1 9325
1 5769
50 9140 4143 7778 7066 1700 7651 5582 1756 4038 3235 6940 7588 1761 453 6687 6432 503 9053 2303 6564 4201 5333 9522 2199 2038 3385 4524 5149 9437 604 2183 4238 9959 1361 5084 1151 8172 2617 2549 5330 4362 5215 7925 1657 9588 1687 1505 5761 7695 6661
14 4948 6228 3138 7575 6558 4867 1121 8784 5983 3317 409 1010 212 41
3 8329 622 8932
16 6541 1833 6884 9137 2000 1175 5662 152 8128 9064 7492 2250 264 3730 6303 4917
5 6961 7704 8254 5025 1276
40 29 658 4704 6729 6966 5539 9182 4409 3414 982 8995 5107 7494 3270 2140 3807 1835 1222 6101 6034 8421 6305 3701 832 4035 3721 4645 9832 6582 462 6163 8851 8827 2477 5702 5618 2674 5987 1083 681
11 1664 4629 8856 208 3936 4938 2570 381 4396 5012 5228
5 55 6654 1372 2106 2520
18 9523 8435 8713 1251 5746 7535 7479 2171 7901 5481 3859 544 8099 4559 1504 1944 4767 4866
7 9216 661 4910 530 3092 1970 6307
61 9283 4648 1090 3951 5452 8956 9612 542 883 7081 7924 9089 7516 1282 5221 4677 1376 4800 8373 9632 3469 2760 4714 5250 3421 138 6865 193 900 1585 1969 9656 5942 4257 1641 3792 3180 6323 7413 7964 8636 2669 9960 6177 5599 5623 2259 1234 7801 3762 8080 1731 8391 188 8313 9307 6717 6914 1403 5581 3310
33 4842 5957 2212 1723 7277 8219 3325 1873 6141 1963 9524 6771 9512 1729 4115 2235 3468 3338 1046 5601 5091 5453 100 3057 2981 8609 8546 475 3232 6705 8986 8437 5529
76 2576 8792 1984 3488 9521 2747 6440 3322 5489 1219 6411 9660 6011 8441 5831 7836 6701 6448 3486 5836 1848 9359 148 6401 7469 5096 4129 1940 440 2865 7540 1899 1022 5935 6435 6193 2310 8866 5814 2629 5578 2878 1059 7423 4052 7740 427 6616 4530 5869 4390 792 3002 2946 3957 111 218 9703 2474 1133 8275 6368 5429 1202 314 5242 3644 8411 5345 8096 1467 6032 7412 8468 8195 1726
11 4346 8412 9923 2473 617 3729 1762 7665 2482 2533 6568
77 1888 6643 799 4775 9496 979 6932 1259 6333 2121 8407 230 1016 485 6152 8898 4177 3984 6650 590 2410 1439 5408 3892 398 2227 8120 4277 994 2862 4133 8057 4350 1722 3755 8690 8594 7714 5547 5939 2203 2322 1718 7375 9970 5273 263 9354 7460 2544 9906 6919 638 5665 4047 5538 2770 4622 8582 5504 2659 3458 6997 8618 7986 9916 4120 3097 9329 2225 5606 3883 9536 2658 939 2813 9472
14 734 3147 1323 3575 7787 9492 7883 8155 9190 9477 6446 2754 8768 3047
21 3149 5034 9851 946 4473 7394 9022 1328 3115 7462 6146 2945 6353 5472 692 5950 8584 3920 3214 139 4036
53 7119 3358 7891 5213 2657 921 5853 9986 480 7437 1086 9910 7696 2450 1427 5972 1231 6302 9013 8223 4633 9759 705 8454 6895 7744 1149 2165 3922 8919 650 6285 6872 1303 5048 6153 4261 2976 3914 7283 1594 5459 4516 4780 6933 1665 4753 2301 4563 9861 3388 7959 7268
9 4214 3459 4441 4588 3165 4195 2924 3261 6972
38 7862 6656 5358 4255 6239 5517 1697 9401 4664 1706 1451 9565 6532 3198 3582 3519 1457 8886 8496 5203 7439 8632 3001 5288 9245 1925 1632 7168 7590 4175 4051 3820 9598 1554 4166 7420 632 3888
19 157 241 6048 5426 5238 6422 9836 990 1846 9731 5914 9964 1864 674 1985 4497 6614 9266 5162
8 2986 3048 8255 6170 2271 295 1705 8185
119 297 3849 199 2220 4828 508 5995 9478 7103 2122 3909 9054 7453 7197 5514 8644 9073 4302 8987 1051 1930 6067 8316 7075 2043 3751 9911 9370 9980 1670 4429 293 7352 1000 9533 512 1296 970 5482 276 3973 3266 7860 4460 77 6414 6855 8361 3130 3088 5956 1125 547 2721 2632 1926 322 2950 8115 6008 9239 1932 3152 7871 534 9933 985 4621 9629 2637 9343 6099 2188 8208 1759 1028 2812 3189 38 7159 8056 3037 7257 8577 8702 8499 7559 1242 1582 1161 7593 8355 4766 2962 8716 971 6018 7826 7523 14 2807 1044 522 6183 3175 3033 7878 7452 7776 7127 9606 804 5641 2624 3464 8114 4416 5276 4934
74 1978 8020 2711 9636 457 4833 1590 4043 9085 3550 3186 4073 4562 7178 3977 7440 3428 9358 6240 3593 6375 5340 2710 7672 5042 2923 4060 7935 3154 2137 3536 2740 9779 575 3753 6728 5005 3894 3847 3339 866 6730 5478 8729 125 8283 8683 3681 8130 7269 6096 8369 5209 6573 3971 5407 197 3441 2145 4172 7136 9390 1663 8724 7869 3676 9690 2133 2448 4077 9010 5269 3576 9596
38 3103 6454 9511 3398 476 8772 5917 5351 6647 992 8854 3134 2457 6664 86 3012 9993 7985 7943 5758 5874 7235 8265 3781 3903 8363 5855 2138 9569 2172 6052 9004 1826 7042 9214 8897 6840 5798
36 5341 9087 1186 4299 7666 5054 2999 2662 7486 5607 8357 4053 1650 8402 3004 8528 8013 5590 798 6267 1696 6511 6180 8651 7302 6990 2965 4572 3704 220 1298 6960 1373 7675 8135 9969
10 2912 1421 9306 4084 8447 9412 1030 5282 481 2681
20 3281 1160 1436 7633 8324 3524 2377 9195 6362 7155 7678 6869 6510 7942 577 3158 5863 7973 8469 1996
11 5716 400 1530 4170 3891 6208 1142 8832 7648 4046 2548
13 957 1874 2838 8426 3572 5540 5636 8464 6711 9628 4246 9104 4532
35 6724 8573 8150 6104 2241 7898 9038 7305 8366 6722 7949 4472 2844 7091 5999 1533 7974 8336 9416 8015 2685 4165 9616 1789 9957 4322 2522 8252 5106 154 8121 9510 6801 3195 6131
39 3693 3276 4455 856 4410 5158 9634 5226 1383 3 7220 3145 889 9150 3907 9783 6926 3377 678 1629 3016 1682 8049 9547 4647 9148 1322 6679 7195 2189 6006 9237 9821 3832 4903 3856 3913 7340 3763
52 2020 854 7255 8536 6012 4048 9696 1721 4371 2076 9846 2406 3439 5579 1511 8493 454 6587 2810 4819 7679 189 2260 1660 1620 2692 7491 5151 269 5788 7487 3720 7963 8880 2709 3273 8964 8269 9905 5924 9689 1184 4545 6097 5121 4928 5928 7055 6300 8295 6341 4434
21 8395 3475 3603 9805 7430 6125 2904 4065 9116 5734 2153 4682 9337 8933 2268 4590 5537 283 274 4698 6366
33 2008 8739 9666 8413 9652 6344 2809 4105 7613 7805 7984 2412 1872 4871 2948 3843 3086 118 2875 2192 3507 4206 7498 5684 4857 6156 2164 7207 4773 2842 9741 2156 5770
45 8406 8699 8831 9681 6825 1667 1465 2409 2600 8368 1999 6552 1690 4567 7016 6176 5168 3078 6714 7735 5548 8010 7321 7285 5357 8359 6205 4382 4730 3495 2611 7782 149 9193 8513 2087 6995 6798 545 72 6129 6130 6565 2414 4454
19 5598 2748 165 5085 44 237 1546 3890 3695 6797 6964 4253 2723 7084 6071 4793 6768 1998 6992
52 3030 1734 2782 5748 332 2566 3786 5920 8346 9631 428 9633 1640 2973 4941 6444 7798 809 5512 1597 9697 7353 6137 2284 9967 9661 7521 7939 3330 4369 7153 8143 1450 3630 6061 4614 8969 186 1035 1072 1743 3980 288 201 8842 449 6429 1606 2215 7107 4386 4603
69 3471 4744 3530 8938 3290 4958 159 5994 6893 8761 3205 8804 6845 1619 8174 7073 6317 763 58 8589 8861 5404 4383 421 3983 3734 1350 7184 2908 8384 3787 5296 1683 2671 5011 1014 7297 3422 3671 5499 3184 89 2252 702 7489 2196 3870 5065 3349 8090 3095 6334 4162 9484 7618 6070 7374 2583 7784 2598 3327 5551 7008 8452 8508 3945 8877 937 7977
75 7141 4720 5674 5317 6443 5329 3056 5974 3861 6890 882 3219 1344 7059 3348 9921 766 9417 630 6508 7850 9840 51 3882 7390 9051 8894 4287 4670 2194 4284 9590 9338 3423 5897 5450 7324 3876 9008 7544 2223 1517 4431 1437 4774 6889 7694 8983 9373 3248 2529 8333 9772 7204 8899 6489 9036 879 1018 8132 2775 5423 4401 6673 2014 9058 2136 3766 2472 1379 5613 4596 7954 7213 9465
41 8102 8736 8967 5487 2198 4794 9286 3557 5507 8410 326 1200 1206 9105 439 1843 2825 6503 4376 3740 8192 3565 2551 9610 6313 4366 2527 403 2652 461 4130 1168 9101 4971 3785 546 2790 8996 1211 8220 2275
20 8840 1013 6293 3783 9795 3119 3680 1386 9070 2706 5457 7010 3364 1880 4503 6805 1182 2320 5701 4400
45 585 8630 315 842 5597 6298 4979 8958 8725 2129 5102 887 9643 256 7707 6043 7024 2960 7286 6629 7538 1714 2443 495 8993 7819 5908 958 9384 1154 9939 4947 243 9554 6042 5243 6617 1277 9780 863 1832 7718 9403 1516 356
12 268 9090 3311 4575 8274 3024 5156 7910 8041 9081 4182 4719
13 4495 1773 8425 7097 419 4830 3105 9804 956 5711 3375 7085 1949
6 1353 6536 1221 3073 6398 8042
56 5406 5342 2421 6959 8925 302 5659 4976 2210 3014 3046 5718 2100 6973 4905 4305 2679 4157 9749 8538 2253 2157 1633 831 7026 9764 6147 6158 690 9196 2606 6943 12 7391 5150 1015 807 3987 5616 3741 5443 3238 6461 4844 2880 9765 1115 635 5361 1642 2794 3264 5312 9818 7424 2185
26 8342 8262 8040 9869 2690 3541 2112 7557 9349 4285 7572 935 8816 8521 3199 7226 8637 4657 5888 4558 1777 1550 633 6638 6648 3732
4 5649 5971 8785 5460
38 7640 5576 629 8719 9948 4433 2095 4247 9516 8953 4491 3986 4584 4397 5033 9642 2098 3415 7079 9787 7083 9676 9340 8657 5316 6421 4510 3950 7885 2046 8849 6209 8222 899 8572 3250 7888 6700
155 1528 9543 5479 1094 7099 3511 8763 8473 6332 9275 1136 7802 6923 4258 9395 53 7098 1316 4565 875 6483 2943 8954 8680 4452 9293 7960 803 6033 3013 5589 4076 4419 8060 5655 470 3521 2004 2254 7047 5271 7419 974 7753 4097 2269 1171 7839 1011 4681 1485 6811 2274 2552 2242 7958 528 5827 7072 9431 8317 3707 4700 2643 1645 8834 3872 9223 6702 7803 258 7600 9067 9567 6311 648 3260 3702 4896 8145 7530 4463 2877 944 7617 4995 1190 3275 5813 9432 9451 7051 5685 1802 6941 2064 1952 7938 3942 955 8352 8790 1419 7813 1903 9609 4811 2767 2361 4769 2307 6445 623 259 5248 1077 7603 3287 7202 5949 4968 5667 2836 3638 5130 1728 7087 221 5845 3140 2993 1938 5926 2703 341 8943 2161 7310 3637 8398 3797 7509 6993 1983 5825 669 5077 1961 6576 5591 9 7719 7219 8580 662
46 583 9459 5112 502 6340 665 3842 8093 9464 9743 1474 3366 9209 6026 7691 5967 5564 1912 9264 5356 352 1710 1716 5001 1433 7764 4449 4638 7176 1299 6757 4244 6015 6390 2550 3626 8205 7214 60 9555 783 6594 4231 3995 8666 3898
26 2941 559 5799 2781 6512 7785 3993 6762 2900 3802 7916 7912 396 9812 5899 2453 6098 4270 1101 8687 4879 1458 4776 6243 3258 1476
20 8204 9128 8203 7631 4520 4141 5511 9928 374 7456 5045 1480 8694 4724 8263 5087 7693 7457 9975 7317
31 3025 9347 328 4548 3087 9750 2761 3884 4527 3301 3125 4110 4306 3034 9672 8356 1347 1661 3109 2201 5765 7033 3852 7596 8561 7185 6499 9173 3998 8358 2475
48 1735 3384 5721 6752 2736 3160 9830 8111 2057 2846 5134 9584 4787 9324 3765 7749 5708 2082 8148 698 6345 959 9143 9420 3845 6223 2874 4426 8904 6451 8788 3854 9659 9790 7389 2229 4221 7806 1464 3722 6389 8134 2370 7992 4465 1764 5275 4304
46 5304 4147 1522 790 8430 1958 9831 7899 1865 749 4040 431 3665 5891 8211 3543 2073 4962 4883 2312 1454 4506 7001 5057 7289 3838 3518 4683 1892 794 1456 4695 2408 796 327 5508 3535 5714 7459 8674 8519 4911 811 3749 6364 9097
1 741
6 5381 1689 5910 4278 3213 134
22 9979 6875 8823 6475 1997 989 5347 951 977 9353 6645 6186 3193 9947 9549 6072 4868 4946 6704 4847 124 9825
8 8559 6329 4537 7638 4600 7450 4462 3653
37 6321 1194 8227 8783 9030 4630 3821 6879 2780 9144 6836 376 4024 4585 1496 4652 9538 6319 7573 4937 3466 8401 9992 5323 5062 7415 3790 2025 4159 7872 5074 1979 7931 2697 5311 7863 9775
79 3743 499 3202 2915 892 9267 4154 3490 730 6765 3381 5307 6202 7637 7291 8006 8161 8003 3559 3591 7017 298 3928 4 4568 4479 3656 587 1614 8463 8327 6917 8008 1204 7537 8106 6595 8865 1573 1909 9396 3887 6533 2926 2819 8374 3255 6087 2238 3500 4490 6073 6242 4069 6266 2032 4057 9721 2773 1951 8147 5398 1418 8331 3994 2983 5720 3619 6127 20 1510 3120 4145 2509 465 9172 8210 3812 3569
38 9581 6003 2539 128 8451 9200 9007 9887 4556 7664 4508 3698 9622 307 7484 8100 4994 6107 2490 9922 5932 6482 1356 2888 8684 2879 1114 1158 1213 3106 3727 6358 9260 5812 5251 822 2827 8386
69 1269 1384 5890 3022 4016 1111 3795 8146 8780 4858 9075 8782 7150 7445 3623 7513 6737 2884 3901 7576 6593 4227 1779 8726 9095 9977 3042 2610 3780 2698 1966 7968 4273 6981 4393 6546 9146 8043 1699 8429 1312 4049 5647 9387 8138 729 7818 9025 7303 82 3522 234 9650 8622 9876 9461 3791 7215 6881 5494 5232 9215 4140 6434 7896 8078 3688 70 8641
56 6039 9733 6123 5640 2496 340 3587 8570 3089 9253 2328 7623 6500 9904 1713 9174 8604 1766 1032 7244 6690 8466 3440 416 673 2050 9932 7919 5509 4581 7105 6310 5643 2058 3019 4081 2071 625 7089 5414 9728 3306 2650 750 9399 3118 9032 2575 393 5200 7431 3309 191 8514 1122 7495
84 8520 1024 3512 9927 839 9640 135 9252 5777 2385 2919 5050 4021 1263 853 8882 8742 708 8273 767 3958 7296 3308 1656 1774 9015 793 5208 5519 6203 2021 2601 5909 7142 9368 2089 8551 4317 8807 1012 5041 9362 2 912 2042 4263 3924 1911 3776 194 7004 2636 2078 8428 67 8253 490 6406 8334 1967 7755 1021 4313 1380 4412 123 1280 8949 8635 1849 1881 9891 7833 1481 4179 8825 7290 3252 1490 7955 2096 4743 4551 99
4 3457 7446 6473 975
6 8728 3066 1252 9273 6272 6248
85 4687 9402 8449 101 4763 1877 5028 36 5691 5800 3600 6653 1070 143 413 2005 9271 4447 1798 1795 6826 3084 4604 2725 9069 140 5673 8479 4668 8467 9145 2853 7338 2870 4288 6275 1354 834 8802 1954 9854 3964 4726 73 6817 6468 3015 8924 555 8942 6335 4534 5207 2503 4010 8364 5129 4199 3868 4444 1334 1285 5432 4466 5555 6449 4542 4580 8267 1144 3744 5037 4174 597 3814 8139 4132 8685 2822 9931 1788 5146 8144 5644 4760
42 3564 5303 2982 8989 8681 2333 4957 4205 7382 2686 32 4953 9819 2173 3122 4384 3669 3062 5116 826 9509 591 8839 7667 6837 5936 574 4425 9578 3956 1107 9096 8065 1385 5677 7851 4952 5546 7858 5115 8202 903
37 580 5393 2928 7357 3424 2718 3991 5516 640 417 6710 290 1215 9537 1686 1079 4639 2696 2653 3181 2857 6346 8555 3735 1455 2395 8968 659 8984 6121 8257 2302 1542 6954 2902 7827 4298
28 6649 7677 8892 5466 6539 6608 6945 9194 1920 9930 1786 9348 3660 2155 8905 9786 3081 9807 6791 2816 2295 2752 2371 5196 4812 5927 7170 1575
5 61 9556 6886 1907 2841
19 4788 5615 9763 5838 4326 2404 3513 3345 1746 6630 2817 9247 7972 3182 4942 6447 4964 6820 1822
2 5161 3208
6 6456 1763 1828 5164 2012 5339
12 8179 8207 3017 4080 9874 933 6265 47 4863 3830 5757 3717
10 6952 3758 902 5060 643 3482 5622 2044 1311 9177
23 7877 3773 5562 1804 8991 3739 5955 7870 4107 5686 4404 6413 8167 6639 1239 907 8734 878 9883 2489 7060 8944 8531
7 7799 7230 9316 6969 4139 6261 6652
17 489 4582 4023 858 9076 4975 7030 548 4933 3771 2265 3804 5772 7023 8754 9903 570
96 9207 615 6718 928 714 9397 4264 6488 7363 7990 1308 4033 9884 3404 518 991 2452 8140 4279 4843 9023 9758 2400 151 6908 9043 924 8753 5383 815 4360 9572 6906 6282 2582 4631 4571 5498 5522 2365 3353 2263 3076 9597 2389 9471 80 2500 1446 1187 8039 9422 8844 7976 6471 7388 7095 4870 5463 9699 8016 1409 471 851 2499 5696 5186 2150 2177 7932 9386 745 3481 6320 2003 5336 7921 7447 4001 668 3599 5490 2687 2088 7280 5906 7012 5530 7728 6126 7121 9009 4333 5985 331 9853
20 8184 3333 166 4439 4732 8697 1358 6628 687 6299 8399 5605 5128 6079 3246 3419 3598 7333 1237 6860
24 8420 4824 819 7366 6751 7167 2769 1568 130 6808 8444 1791 1709 5878 7045 2893 1584 7712 2910 9106 2272 5386 3799 9843
10 8675 7483 893 8431 774 338 918 8261 7560 2218
3 6424 5237 1630
51 5245 3527 9751 2041 4450 3051 8575 5298 9156 4696 1814 9114 4197 2423 8647 1570 6051 4267 4286 8433 4731 6384 7748 5159 18 1287 6365 3288 9123 1581 5485 7524 9446 9024 4554 7436 8332 685 1087 1341 6481 2814 9850 4451 1898 6294 2608 2411 1576 9369 8226
33 6160 5948 533 4875 2399 4153 2132 69 2425 4826 8088 4064 8344 126 9026 9941 3595 7090 2580 4692 1513 1337 7062 9225 6799 5929 5730 527 4457 4825 8544 5420 386
105 7468 6529 8038 9133 3373 2969 9408 4552 2515 8869 5441 2966 9641 2702 8631 3930 2415 6579 2680 3896 7812 9288 584 7515 7143 377 3133 3135 3285 1844 8218 2479 2670 8534 8814 2909 6235 2621 612 624 5210 501 5247 7205 7689 7006 1123 93 3443 9155 8547 1946 2332 3121 6708 4711 8553 1688 2375 9321 7865 3501 7904 4688 5385 8470 3689 5122 9490 800 6982 1555 6423 1781 3316 5872 1624 1720 5389 3699 5780 4440 5958 1767 5767 8563 2139 6038 9136 5364 9542 8649 5016 8475 7807 2851 366 357 1307 5919 5715 5139 3256 3222 2595
93 1866 4661 9487 8338 2896 1986 2537 3624 2108 7907 4944 3429 6460 3709 1649 3159 3300 5862 3052 5565 8166 693 2431 5167 242 1982 8242 173 9943 5986 6325 8593 2939 2308 7351 6486 467 5502 8524 9824 1953 5127 1893 4504 2726 7300 8456 2266 3280 8626 8999 6046 6417 2070 5337 4283 1374 4589 5791 5290 9048 7481 7902 9942 4181 5560 5871 7660 9875 6725 8036 9814 9520 8423 2704 2798 7821 9339 9873 6287 2067 5773 5683 429 9953 3143 5822 9601 6074 4860 5960 2251 7074
34 3692 4245 9164 1797 5779 2442 2591 3194 2105 3477 5287 1902 1319 6196 5375 9160 1922 3997 777 897 9882 2234 9823 9754 9592 8901 6898 2359 1470 4981 8491 6683 1368 412
13 1993 2056 9485 4666 6430 2305 2831 5124 9033 6380 9737 8876 5837
31 3239 7337 5762 6551 3177 6166 4680 820 2824 3206 2705 3427 5081 1126 4609 1520 1442 7358 6040 3548 1216 6976 9126 504 4926 1080 3658 5144 9551 5940 4697
19 9901 200 6086 6802 9725 3136 3525 7015 6490 6055 1611 8596 6847 1388 5966 8170 420 2587 5568
19 7911 7180 9954 3594 172 9002 8110 4481 4887 6357 9130 7211 922 7791 6138 894 7566 2504 9444
5 9411 5120 9705 607 2077
19 1563 1883 1500 3921 3554 7312 572 8485 2505 9505 5803 5004 8590 8693 2501 1029 2768 4464 4632
27 4882 1146 4595 529 8259 5690 4862 4986 660 3760 552 3788 6738 1618 3577 3074 5754 6758 9945 7598 9519 2427 7780 5153 3889 5223 9352
59 5902 4761 5535 8434 2867 7164 3027 37 5704 2506 7506 5911 9498 6692 1834 4591 4489 7529 103 7007 916 4312 5981 8917 405 4138 4809 1988 129 78 3201 5259 3141 6326 4845 8616 1387 4092 9163 8576 4997 9083 5061 581 4075 4168 1435 2762 5313 8478 2214 824 9426 9257 6535 79 479 9719 3162
17 7229 8055 2787 3453 3583 895 2181 4656 772 7276 9242 4735 2193 5204 901 4996 2683
57 4066 5359 6004 8548 5954 7792 655 718 9926 2648 6727 2565 9526 8895 6930 2264 1179 6610 3499 8664 4117 6793 8033 2374 272 2958 1193 8339 7361 5230 722 9577 9736 6931 9558 6795 6819 7586 9635 910 1931 2243 8123 9829 2019 8044 1562 9753 4790 7758 5046 6789 1359 7131 5293 6603 7824
19 6965 7329 7082 6951 6188 2306 1274 192 8251 2458 4226 9773 6207 4861 7052 7039 2764 3343 6986
8 610 9925 5663 8133 5182 210 9757 7737
1 7318
25 2429 8448 6360 3263 984 8721 3065 4992 3251 1047 4044 6602 1031 8067 7507 26 8906 4906 4471 4518 257 7237 2437 3392 1471
29 6633 7020 7553 8973 9375 8403 3904 9265 9481 2360 6744 9570 3098 7068 3326 9062 6484 6784 4119 64 7747 2616 1049 4822 1405 6557 2111 5261 2331
6 2278 6850 715 7014 3974 9566
75 2774 7471 699 7406 9627 8868 456 2396 9331 7505 9112 7497 4000 7708 2148 3438 7914 5520 4626 2099 6612 6829 8250 4144 2237 361 9470 2644 214 7520 8669 1116 333 6020 5778 9902 731 8565 9080 9162 8628 3161 9091 4359 8141 7177 3455 4663 8992 6556 7206 5274 4280 6823 5577 7265 8855 1291 5763 9886 5320 1340 9398 358 4240 3900 9892 5826 2387 9445 2800 6144 5206 6632 3822
47 9020 8190 1537 1453 1745 7278 4344 7282 6213 282 1416 4747 2546 6625 9879 9722 7009 2341 5262 7132 2244 3139 9709 6262 238 4136 6816 1217 7094 9278 6833 9460 2344 8833 6171 1310 732 1042 3011 8599 2861 728 3487 239 7519 2168 6957
40 2418 7455 4088 2651 849 3615 3036 4940 249 1257 6367 6907 5070 1309 1297 8505 4249 9817 8610 6882 8645 7569 9248 2407 3230 9228 7829 6161 6426 3146 3694 5465 1391 9624 1896 6677 121 8244 4498 217
9 9291 6493 6220 9575 9889 952 9165 8845 5524
4 9626 7686 1685 3616
37 9187 5875 7314 1233 1655 5626 9657 2326 8397 6876 4611 6112 1095 9714 401 8879 2998 8488 7154 8581 9061 8282 1180 4823 1295 5737 3931 3369 2502 7165 1497 0 1301 2277 5395 4476 8701
85 8509 5500 2742 5710 4196 7174 1755 6742 9647 7411 7135 646 8885 6555 7578 5633 2655 6400 773 3526 505 7890 1673 2895 1890 6309 2091 4222 8196 4771 6276 2007 667 3923 4149 3742 2287 8320 5653 8717 9797 3224 4540 5202 1278 2833 9792 6782 3571 360 9168 8070 7035 7814 2554 8838 6273 3677 6322 5978 1599 5604 4445 383 6118 7568 1191 8404 797 3965 4927 6569 8722 2224 579 8091 3848 2152 9383 455 6944 8482 8232 6911 9646
16 4586 8937 2927 5036 4468 7551 5093 6755 3628 8810 1782 9318 6590 9233 1974 8738
3 4644 7711 4200
30 2327 4387 8978 2663 4613 7380 9871 2693 523 2547 6746 1338 3173 30 9789 1198 6397 1041 1914 6983 614 1027 740 2837 8177 7626 712 2588 2625 1127
53 4098 4848 3038 10 8918 4566 9157 6036 4351 7130 4190 1519 2887 7192 1034 8811 3808 6505 9428 5233 6583 3824 3473 6891 9867 6574 4978 2990 884 641 3412 2162 1717 6938 3684 7656 4526 9961 7752 7815 6001 4736 9605 9591 5669 1366 317 7673 9793 8279 4126 9747 9781
44 7227 3049 5756 9424 3099 1644 649 6832 7466 886 458 969 3829 2866 821 8162 3060 8215 3538 1621 9258 2894 1370 8668 3006 8354 7923 5905 4155 7945 4514 4960 1851 609 5840 1321 6666 8045 6215 2517 7238 2047 5427 1623
14 6694 5650 4659 7536 6376 8081 4289 8297 5921 441 9688 1965 8971 9111
3 219 1913 4587
16 2176 7140 9100 1245 7994 761 9118 9341 1529 4806 3229 3719 9614 2200 8137 3712
39 1815 6467 7252 557 2627 5723 5859 7795 8543 8700 3021 3985 3380 4186 4891 5244 5543 1038 4955 1948 3618 4243 6185 7173 8957 3617 626 2208 7049 1212 2117 8217 4124 9476 5841 8069 8377 7441 5672
4 3008 2123 5990 8353
40 5222 1860 7224 6155 4635 2642 3972 7630 4343 8007 320 2228 5486 2758 9998 6866 8225 6806 9800 619 6318 7583 6859 9704 4573 6091 2097 7703 7961 8907 205 1214 1856 2672 7258 347 4650 4334 1155 2988
39 8271 4511 5818 4539 2034 3127 4266 2882 6591 2125 5527 5768 7610 3474 4358 3547 7627 4121 2498 4329 8064 7065 2309 9479 1800 3992 2933 2319 9508 3610 3534 6605 5278 3174 3463 5556 1771 83 8741
18 9670 3005 9503 3191 5892 8653 3445 2167 1503 1977 6378 9513 8988 9300 2863 5692 1897 1071
70 2944 7293 3906 4250 5997 5327 7868 2860 2232 2416 551 3318 7443 3185 9717 3284 7881 6405 6518 7123 9811 8808 4606 4311 7772 1841 392 424 9560 8424 2540 321 4446 7356 2864 4909 6241 8654 6585 8490 2922 5376 9589 962 2609 437 1230 2839 5931 758 3107 3860 7146 3620 7002 5900 1758 6559 4018 6 1137 8119 1677 7335 2463 4185 5821 7789 5865 2449
9 6361 1489 8979 1628 2184 7562 9388 7532 5009
83 3321 7186 2784 8079 506 9450 6575 4658 7710 5234 4802 6562 4634 7659 9687 365 3425 8843 1541 1176 4062 7422 387 355 7857 285 6905 463 6301 2086 6391 2248 9644 9667 202 8319 8612 1939 5876 5318 906 9827 8718 5854 757 7410 980 805 8884 7133 8098 8453 737 6210 1226 8337 1293 3069 3929 3586 7533 3514 9860 1559 2049 6750 1210 3723 1009 1055 9990 6191 4013 8941 3043 3478 3110 5631 1887 4987 5646 2845 4553
22 3647 3546 1346 8030 494 595 7856 1613 8118 4605 9972 5952 5169 7041 300 704 2954 8116 8806 2126 2160 3023
24 8564 3291 6741 7355 965 6206 5049 6756 245 7927 9469 5089 211 9045 1904 7602 2532 6863 1870 744 9355 9955 5600 5475
5 7716 3245 7325 4781 2119
4 113 782 415 1106
14 6913 7028 9392 2556 369 8245 7216 2667 6359 3531 843 6935 3649 1401
51 6607 3640 5654 6409 7102 1518 7236 9382 95 6526 6523 5503 6739 7438 1647 4966 2584 8812 4831 198 7608 6175 9170 7584 6372 3805 9327 1224 4122 7897 8427 8248 7322 1119 6528 6561 8347 6124 3244 3296 6219 5007 3080 926 948 3871 1544 9120 8371 4339 4841
20 3168 825 3215 3767 6642 8450 9908 7525 1448 7341 9607 4690 2037 8017 9311 5476 1306 8770 5819 8980
22 2313 6786 6068 601 3200 8285 2292 9377 1943 4834 6297 5160 3905 4895 3946 3394 516 1364 3691 5219 9844 2174
32 5402 2006 8376 9158 1369 2368 3759 8094 9364 1968 5082 8597 1509 1152 1143 7777 6062 8695 5603 6657 4406 6103 808 4224 7726 3782 6681 2040 6134 5372 6641 3007
12 6900 7948 5808 9544 6924 5660 8176 81 709 2011 6672 6374
66 2507 9974 8629 1955 9557 6842 7690 483 4617 5847 1098 5193 1768 7729 353 3434 9151 6283 2314 691 6237 9019 3609 4213 9272 1937 1523 6476 8981 4045 1008 1752 1067 7592 6041 2065 3314 6386 9648 6005 49 9540 410 6136 2925 6621 4161 6195 5867 1825 4610 8019 391 1304 9131 7783 5571 7036 3386 7825 5697 3880 2664 2755 8171 1343
5 5343 4706 6251 6270 4541
41 3667 7451 4686 2783 4225 1994 2216 2031 5557 9035 1631 9394 9381 1250 388 244 5014 254 5809 8585 8560 8048 7328 9055 9506 855 676 1885 2876 34 450 9400 5833 9668 5435 1698 488 6598 8870 6458 1547
55 554 6338 7086 4301 7822 8815 1531 2023 8659 8821 3142 3234 5396 9877 3841 4915 8891 2353 8501 7681 911 5580 1173 1336 7307 204 6349 7416 3978 8836 9154 2391 5138 3492 308 5617 1662 9301 4269 5521 2318 390 5252 4230 7458 9771 1812 9184 7669 5322 810 2886 1935 4791 7946
26 7088 5991 1406 150 2382 3605 950 6550 7554 7434 9620 1863 3116 7442 6703 3220 4137 2731 7464 2635 3539 1684 7918 4654 9240 7231
30 6418 5332 3029 9495 513 7372 6120 7654 8494 9881 8562 4087 5289 6883 5301 5201 8760 7900 1748 8743 4456 196 852 9298 6571 6437 3075 6306 4675 3323
5 9698 3114 3938 3315 2187
1 8698
19 6780 2204 1145 4067 7944 4430 6655 1918 4919 7018 5178 1063 2849 7980 6143 8012 9600 6065 68
15 6767 9944 3129 3602 1430 2245 2797 7926 1855 8288 7830 7370 1790 9950 716
61 6044 908 4544 1459 4327 2053 7761 4932 2236 6077 4210 309 6314 8231 5483 3659 4026 2619 2871 7930 2420 3091 1124 1906 4501 8720 7721 1596 5448 4748 3332 1183 7622 3881 6667 1375 9762 5255 2733 2759 1390 1808 4417 6761 8765 3835 6236 5467 8663 8655 652 5776 6592 8762 725 3100 5272 6834 182 2435 9243
19 4056 7212 1765 2493 4118 1434 5823 4816 4708 4612 6227 9991 4030 5759 6230 2226 7378 5022 5889
23 2531 2741 5815 2207 9949 9457 8194 9419 5187 5495 8173 5291 2180 1693 3879 3663 6927 8445 7246 1910 7663 7232 5531
33 3410 1588 6669 35 6634 57 4202 4930 4713 6989 5088 7191 7342 9842 5043 4337 2985 5348 3003 5024 7369 9956 9585 2628 5894 6631 4691 31 4041 1813 8923 844 4519
143 5881 5090 7867 8239 7770 599 9553 3895 4236 2612 3754 4853 3731 1429 1330 2467 6178 7794 4594 1589 5099 5076 7078 2921 509 1117 5567 2315 8801 6218 1820 6925 9837 9701 7727 4796 8638 6179 1539 3211 6379 7508 5608 865 9849 987 5700 5101 3862 7736 9285 2889 9587 8388 904 923 9756 9315 8465 5947 2701 8365 6497 5505 1091 3941 5056 1244 2795 1571 9149 8005 8756 885 8794 7639 3716 9088 8011 8751 5740 919 4956 1577 4577 5961 9016 4054 4399 8183 4134 2219 5224 5922 9493 7606 438 9296 6373 4324 8696 8487 1658 3028 1118 2905 4813 3298 7395 6250 2594 4728 5051 5839 756 6007 251 9971 7950 349 8797 1060 6991 1751 3612 3819 5147 7722 6019 491 927 3041 1847 296 1074 9290 4795 6035 9608 371 131 9552 2103
4 1879 2856 9289 5566
82 8086 9845 3354 9012 2291 7595 4163 9082 8214 9639 5941 5903 2054 3621 4395 9801 3917 8887 3336 7760 185 3545 7854 8922 6675 1423 3590 735 4191 94 3000 2282 4039 850 7616 9621 4389 5980 1265 3342 7175 8936 3827 8927 5456 4373 335 2832 7299 9663 7449 8385 7069 4424 1093 898 3126 7496 4778 2821 5446 5977 9936 7565 2329 8607 7751 7112 3853 9878 7281 828 7906 7151 8541 6246 1488 6978 9782 1579 4531 3863
41 8189 9463 9920 7320 3054 6402 1365 7187 4398 636 2072 6962 459 7275 3981 7697 2388 3646 9222 8058 4727 6162 9235 6980 5430 5570 8522 9119 7294 9211 3639 2367 7360 4945 978 7855 158 5742 5110 2484 3164
24 2828 9613 2573 2497 7966 7605 370 5217 1622 562 2114 2689 6770 4484 6606 9746 7251 4702 3703 8707 966 9434 1367 1279
22 1794 9042 164 5391 5992 2850 8545 4367 5142 5236 3367 7688 2369 7426 8759 4402 2855 3192 324 1675 2929 5752
26 7849 6133 9678 5241 3949 4171 1352 5724 9858 3451 9604 4256 177 4089 553 3952 4477 97 5962 2675 3839 3793 6491 9655 8243 5861
18 6269 4898 7003 5496 9122 7997 8679 1548 5518 2763 45 1056 3365 7652 7056 1678 5595 2868
8 6843 6226 7326 2213 2486 6459 5249 2854
47 7709 5491 1625 511 6749 2036 9254 9735 3915 9625 3058 656 3666 5350 5810 3045 4890 1050 4135 686 1956 6778 6396 3686 6540 4217 2756 6387 9774 2039 806 261 9978 7106 1964 1140 9727 4810 3979 1357 3233 7454 4173 7217 943 8532 4970
13 7188 2538 6159 2523 1674 5621 1 6567 6021 9680 1320 255 9983
122 1332 3990 2714 4372 7309 3393 560 9561 1494 1189 379 5713 6172 7315 9230 947 4821 484 6696 2938 8793 1810 1199 9056 9734 2513 7809 8926 5094 4394 3592 9219 3454 7594 4340 3846 7647 8661 133 5305 582 3216 1840 1255 6059 235 4012 3556 2931 5559 9006 6857 7384 6821 5268 4515 8627 3963 6519 1615 1432 5346 2222 1894 4341 6370 2149 8417 7233 8052 6691 3837 289 4676 644 6394 9898 3040 9391 246 5264 6217 5246 5283 2446 2491 2830 5787 4375 755 4413 4967 8982 9808 5141 9439 869 3633 6343 3683 6477 5095 2339 9057 6501 1112 5515 452 7597 9984 1552 9203 4061 1507 6108 2823 5544 8929 3745 7158 2080 2460
73 4475 5425 7975 3403 9028 5310 2115 6094 294 3675 949 8542 4699 9152 5444 9716 1130 6116 1783 4093 3902 6682 9292 8601 3447 8074 9213 1075 2978 8343 4547 2175 9816 279 517 9113 1402 5292 5785 6609 7781 1551 2461 4368 1345 7510 2159 8169 5689 537 4251 8549 5308 7100 9489 5421 1572 786 6530 7581 1901 5675 1057 9175 42 7179 5068 9708 3283 7741 5419 2991 6149
119 8213 7762 367 7067 9308 9124 6049 8985 2891 9885 891 8608 411 3899 2562 8837 9502 8180 5634 8240 1445 345 4422 4275 5354 4864 5790 3218 8001 5265 4951 3975 1701 4281 7731 9545 2964 9937 5471 6016 759 998 5666 6257 3480 5449 3064 5280 6060 1805 1923 3850 9176 4160 1001 4716 6113 8113 9915 7527 7601 5682 4432 5953 8862 1261 4799 9374 4042 8947 6507 9532 675 5029 4091 5063 2441 2130 8163 7766 4865 3724 8122 4338 231 6271 4156 7467 9776 3631 5253 7093 5629 1378 3643 3528 5108 9677 1569 6439 5173 3032 8874 6342 6221 6260 976 247 1006 224 7058 8350 7404 142 4538 6494 6870 2163 8131
35 8787 7585 1778 7428 2074 7804 3601 5352 6903 5620 8481 8326 3561 7365 6025 9335 877 9828 9079 6204 9447 1382 1567 8390 5729 2567 2996 1444 634 9212 5705 2528 8569 5019 2068
134 3697 5744 6058 1817 6336 7477 292 871 1565 2434 8911 5039 4916 8963 9361 7823 6201 7796 5658 4701 6880 9785 6085 736 2713 4840 680 4608 1317 3436 7262 2722 4625 1591 5411 9330 4096 8105 1339 5026 3341 936 7266 5794 1396 3328 3039 2599 8136 7050 5365 8472 8537 9726 5703 1895 7775 7022 4116 1108 6095 6887 4216 7828 9413 1574 7514 4557 5918 2953 765 4436 9066 4737 4999 2066 4169 1462 5528 5066 8405 7765 6010 2750 9365 4146 5549 651 5297 1858 1760 87 3996 9279 5671 1099 6354 1156 4783 1540 925 1536 8602 5439 4977 6844 1064 5254 4886 2843 2211 9129 4918 8082 4752 2730 5533 13 9210 7163 7563 6045 9486 7228 1514 3520 5536 1147 8648 5937 1288 9371 9198 1425
47 1227 8104 6877 3104 2426 4223 209 9602 5959 4074 1392 8182 310 8416 5725 2366 9192 3498 8598 3271 1960 5256 215 4892 7754 4734 15 1638 2052 4111 9724 6515 7542 857 7920 3231 2468 8871 7407 6548 1598 6181 9229 275 4104 1389 2901
9 2324 498 8915 1260 7580 4705 2654 5428 7208
26 6662 739 6192 4291 1102 3026 9018 5627 6356 7579 7190 3117 7245 1349 4786 7684 8037 127 141 1294 1331 4555 5982 1487 8951 85
48 1447 8774 6164 874 2605 6327 8382 7000 3227 8378 252 8272 4331 444 993 6716 2753 3685 2075 8970 7988 2640 8990 4965 6082 4415 4356 1062 930 6544 105 4888 578 2543 1246 9357 4274 5951 8809 175 17 6772 5104 9072 7279 526 1545 9217
30 2296 8419 5602 7172 9654 4782 9951 5668 3840 4020 5477 2967 1947 9896 9269 2358 5943 9863 1604 1976 1229 7531 964 8197 4715 2084 6854 7582 1371 8246
22 8965 7810 8024 7846 8345 4685 8293 7624 5807 2239 521 2257 3801 5270 1816 3927 2553 5993 7852 2476 7893 6145
34 6794 726 364 8440 9078 7759 4007 8191 6537 7110 5642 9748 8360 2834 5728 9363 4521 7417 5722 8281 3738 3397 8471 1026 6803 2892 7025 3352 8077 9686 8495 5852 9674 3553
1 9820
12 3708 8029 1512 6296 8328 8574 7248 5699 6474 2338 1580 1975
74 3655 6377 4352 5856 4011 2717 4807 3816 6570 7239 5409 4607 5366 9645 9475 6904 4528 7715 8266 3320 8805 5930 9360 4513 1329 628 4678 6988 7632 868 569 4849 5898 7887 5355 9839 558 2459 2466 6315 3823 6037 9895 8392 9047 3144 7247 3431 5802 6229 6256 9855 160 8727 8966 5706 3223 647 63 3911 9760 8315 5403 4640 9500 1691 6766 603 706 781 1936 1103 5774 7
5 4877 2788 3188 7359 6796
2 2589 3148
15 4873 2261 7152 7698 6064 1411 7909 6619 1424 8624 2737 8749 2765 304 6712
19 6139 7937 4241 1247 9304 8480 1139 6613 3204 3562 3402 1558 1134 7223 3346 1929 1410 5586 2508
37 5227 7512 1422 7730 9684 2439 1203 1603 5188 8125 9694 9433 3748 2144 6785 4388 1275 5097 8750 8009 2955 6542 7788 836 7790 3009 1525 7743 6122 694 733 433 7476 2806 1809 6693 1043
32 696 271 171 4950 2017 8270 8129 3406 5625 3489 9718 6668 2101 7336 7970 1744 464 5415 3737 8556 4268 4846 8535 7161 7700 2848 4374 1646 136 5370 3664 2818
41 477 8224 3510 1995 1564 4109 6509 9835 1889 7549 9049 3331 7250 9021 7061 8442 4876 5975 4025 1463 3560 1740 2995 223 1749 5349 28 7528 4276 9153 4739 5870 3926 973 2739 1053 4082 6754 556 1672 4262
40 5218 5694 9205 5023 2859 7757 1395 8872 7021 1499 5172 9671 153 6415 9919 6578 5180 2205 2631 4212 6234 1534 7288 1702 6047 9767 4988 4443 122 9583 8775 1073 3494 6830 6939 9366 112 8745 3573 434
39 1228 482 8588 8835 8157 7884 1272 8940 4602 4411 6392 6173 2577 9474 8097 7383 7222 9322 4856 1924 7987 6140 2402 2645 8550 9141 6792 9777 8723 2249 960 8706 8418 7478 9443 3179 5624 3020 1404
28 1407 5437 6896 5382 46 7113 6618 1181 2745 2673 7816 4070 8151 2930 4355 8095 5469 8994 1549 8515 2970 5075 4303 8092 6828 4458 3254 9692
7 7687 7019 6089 9262 1886 2578 9159
4 4984 6066 6280 2885
9 3294 2440 3411 2209 7558 6956 7344 7745 8737
40 2166 2916 9314 507 2639 4028 4924 8500 8798 8296 8075 8820 7564 8945 2972 2977 4653 5064 9729 7724 7194 8051 3874 3225 163 2246 3044 4561 8857 9859 5610 76 6885 9720 7145 4209 4114 5394 9074 4784
1 8557
12 1113 3430 9872 2470 1634 5783 876 9263 2355 8860 867 4300
41 5858 9037 8312 9438 8864 833 7080 5879 2989 7122 1069 408 2568 1799 4496 2541 1197 9268 7488 7149 5040 2417 4085 1861 1612 4014 4086 7120 5098 5157 3674 8107 3747 414 5067 3517 2666 2569 3706 2826 9909
79 2297 6502 5377 3368 493 2401 1313 8511 384 8186 6769 6987 5155 4550 6253 7046 3955 813 8436 7160 9865 8234 96 9730 8828 7706 4102 3878 8439 9966 1839 7674 654 7500 3452 2772 3018 2646 4684 9017 2615 7591 3908 5132 1990 6337 6827 2283 2728 8776 6637 6385 7571 4817 6753 5035 7400 8201 7541 4336 2381 7844 3361 3337 5401 5181 2336 9312 7272 6736 8047 2030 6545 334 4187 8975 114 2010 8778
5 3236 9189 5688 3715 7905
53 2603 657 8615 66 6399 9202 5913 2217 7682 5344 6809 8379 4749 9429 7203 4880 6009 1324 7364 9710 2852 6967 4485 9981 3190 9068 7448 9897 7548 3269 4453 1871 5306 2804 2444 6839 1061 395 9968 880 5163 6775 4772 8027 8063 6963 5501 9573 8154 8054 4103 8301 1150
27 1838 9109 3833 5541 6255 2649 5285 1908 8682 1201 1601 7668 8791 1460 9345 3319 8085 1491 4881 3212 4549 5184 8415 8621 2298 16 3128
34 8149 4836 9813 2255 6611 9695 1648 1712 3217 5594 1413 9236 75 6918 2510 4923 3953 4325 1971 8660 3768 3815 9982 5010 2483 4837 2890 8457 6371 4342 7027 5315 7482 3769
75 567 7346 2791 6601 5656 7847 7692 986 5492 2487 8117 1811 8643 2428 7254 4492 9791 3209 7200 5795 4427 9530 4192 5938 1333 3726 6214 8977 3272 8322 3363 7511 7367 3153 653 631 9099 6878 7332 9535 9310 564 784 5873 5707 4671 426 9356 1205 5828 9041 6553 2811 4598 5038 8558 4818 8744 7242 3183 7658 721 9973 9415 6524 1703 2195 5755 988 5946 4576 2092 7029 620 9995
2 7435 3989
10 666 9166 6620 5984 5360 4850 7875 4925 116 3446
5 3918 5883 3274 9336 3627
14 3249 3334 9274 8902 1524 9282 1177 2455 3875 3083 4482 1240 306 4920
8 1492 8323 1973 3196 7962 9682 6996 5309
15 3540 3826 6200 2511 4029 2974 478 7031 1092 9989 9531 3401 3662 5165 8394
64 8290 5387 873 2230 5480 2975 8665 9134 9548 3756 5558 3982 7556 1493 184 155 8068 6776 6763 4345 2903 7397 8689 4423 2279 1486 3389 6264 600 8824 7313 1163 8512 2789 6543 8314 1824 5326 8076 4597 7354 6504 7800 7273 6014 2433 5183 8335 1719 7385 6117 4100 6469 8672 9435 1262 3961 5851 6813 6928 7619 8294 305 8438
41 8302 9579 7874 2352 8796 6615 9574 7866 174 4290 90 8748 1236 2024 5384 4569 7879 6873 7599 5651 451 9723 8972 2085 3897 4835 2419 1775 6109 6852 2001 5488 9662 3831 6232 2481 5612 6427 4991 418 6835
16 2424 5136 9060 7982 5850 4438 9448 6224 1167 8221 1477 5257 9653 1707 941 7371
28 190 1428 4167 65 6699 5380 21 6157 4667 319 7733 3347 3690 4296 1962 778 3093 2134 5390 472 1318 795 406 5857 1207 7641 1653 325
11 7156 9180 9833 7043 8652 7425 1256 7746 9044 5170 6719
48 1605 7092 6538 146 8071 330 3789 2997 3112 6119 3433 2952 2796 4722 8603 2630 1348 1393 6596 3584 1431 1096 342 9226 3750 7680 1292 8620 7609 4211 2191 6190 6838 3476 7793 3278 8691 3710 8072 7392 4019 8819 2557 8928 1715 6684 5635 2179
15 7198 109 8786 5295 5006 25 4762 8829 4234 3736 9665 500 8946 7362 3777
20 4208 9350 2256 1806 3873 3503 9372 9870 4152 9218 4461 3437 7699 2294 9755 6686 7832 213 5968 8920
110 1170 3966 2128 1238 3642 2932 5820 8349 3467 4148 1807 3794 5331 5638 838 1440 7892 6549 1174 1162 5190 1917 3297 6050 3515 9693 2347 785 3937 6624 8634 6259 5418 5229 7625 7421 7841 270 6936 2638 8633 4022 8859 4142 2258 8497 404 7634 5325 9529 9803 4488 8733 446 3864 3678 8032 9115 9404 3581 2146 9491 62 3226 3504 7199 8393 1754 1526 312 1659 6408 8206 5965 3456 1284 5989 5177 8853 1927 9125 389 373 5843 915 6369 8568 2120 8408 532 9040 7225 6732 9715 5842 5588 3733 1241 3357 6688 7845 2744 9745 2083 7126 468 3479 9094 1556 848
33 9405 9466 6521 1408 5731 5239 8089 7951 8948 8260 4364 5735 4901 107 3529 637 5368 436 1120 6348 1479 469 4242 6057 108 6979 4310 8858 8888 4785 240 2914 598
62 1637 1399 2518 3108 5816 5712 802 378 6438 350 3811 7614 8662 1466 9303 7267 3210 3673 7894 8159 4564 4832 5569 4282 7381 4314 1679 6114 5534 9379 5302 1639 5462 4072 9319 9167 402 890 2534 8126 9826 7763 3295 6947 5805 3700 2785 7418 8200 5681 1502 6431 6478 4745 7797 5747 3844 5979 7723 1535 1351 3379
22 5727 3809 2267 3491 3344 7240 7396 8852 7838 888 5648 7671 9204 291 9034 6351 2668 2514 4015 1821 1957 4889
70 6404 7490 1934 6848 5630 3432 3450 280 3509 8746 3570 9328 6864 8193 8109 4628 9000 2835 2104 4642 5901 2829 2141 1461 2281 8799 6211 2469 8600 5194 1397 5574 4239 7908 1616 9618 2022 2801 1732 336 2951 8340 9161 2803 1089 2620 1704 5412 2317 346 9501 5179 170 1254 9770 2618 8517 5848 7182 5225 2724 8527 3588 8375 144 9638 3825 4929 3259 9326
47 1784 9806 2979 40 524 1302 4623 2558 9912 4989 8028 8686 6416 7271 1220 5619 1048 1643 7234 9005 7705 5750 7859 5410 1739 4509 7539 3604 5657 8579 4391 8046 7739 4616 9997 9280 3460 7983 3265 1636 2013 5749 3886 7044 8507 8867 5399
19 6745 9406 4260 9595 4869 266 6425 3940 39 1676 1232 4593 2771 539 8258 4804 8387 8381 2719
6 2233 3426 6450 248 7882 3370
5 9935 6747 9559 8803 3462
5 7114 4194 7817 7940 2898
12 7612 8566 1635 8073 5510 2147 3910 7444 98 8766 7934 6352
3 7108 3579 4112
7 2738 6856 6818 4973 2992 6984 6316
2 9649 3176
37 789 3651 3976 4233 4467 6168 5829 3962 2684 6858 742 9480 3053 9185 2231 4620 1058 8304 6733 473 5733 1882 1314 1286 9183 4993 4335 2749 2777 2956 7552 8881 4710 7189 4912 183 5052
1 8484
26 1609 4624 4164 3779 4665 1054 8309 5017 9890 6245 565 6420 4980 3050 8059 6764 6498 7933 7171 6698 6589 6597 8228 1443 7642 775
15 817 1852 3502 8187 6463 3967 724 5133 4669 6713 6462 5044 5431 7577 6496
38 3197 1651 2512 5197 4215 2363 9528 5726 2707 6428 8308 3335 8372 3400 5923 2677 9940 7311 4127 7011 9938 4320 2286 8552 566 818 9700 6492 1823 840 9834 8087 6350 59 3408 6721 1082 5174
48 6150 9864 3596 137 7903 3798 9031 5824 7873 2906 6910 5021 4031 4353 4113 4907 8510 7915 5123 9238 3305 3625 7645 7125 3150 2478 3893 6436 4746 8591 9894 232 9571 909 1668 6102 4232 1680 2593 5846 4570 6788 1669 5148 602 7880 4354 4408
1 1438
9 7287 8747 7193 2330 5334 1472 8939 3679 6853
45 8711 4583 277 4207 1326 318 3632 9297 8554 7256 5866 3124 3784 6247 9564 4063 8523 1169 2110 120 1738 5279 9186 1583 1081 5008 4792 4006 2362 1725 115 178 9809 4756 872 3247 7769 106 3657 1475 6331 9440 6902 5786 5103
31 7993 2536 5764 8018 9027 7037 3622 7629 3465 7837 2270 3155 3648 262 3395 6790 1945 996 3650 4694 3682 6734 2913 5367 2936 2354 2560 9683 6286 5793 3912
53 6135 7373 697 4421 8035 9738 2060 611 2660 7034 354 753 2937 6023 2799 1381 7922 9065 2464 5069 8955 9952 7501 5451 3752 1787 2346 3085 1532 1875 5907 5211 52 550 6238 8103 4921 5105 9611 7493 2766 8952 3851 6915 8264 6083 4198 8961 6897 4805 7402 6187 6339
