6 835 45 1403 299 1333 731
4 493 156 102 1472
6 333 327 1141 993 601 523
1 1434
1 1179
37 1134 701 660 671 804 1191 1424 460 745 1245 461 303 716 1156 1 935 1332 1234 1284 921 364 1388 118 765 1381 423 1455 29 372 442 37 485 714 640 1254 1470 218
10 691 586 633 255 1195 723 113 516 253 573
5 389 577 570 51 392
1 187
25 295 681 929 286 1060 1437 1351 398 588 342 1164 742 272 260 864 488 165 1357 1008 890 728 486 426 638 806
17 1408 175 288 477 667 170 791 1133 208 908 1098 1477 245 583 1274 293 506
8 306 207 1109 1038 839 352 766 612
7 42 526 957 1356 162 346 880
18 78 395 1204 1247 446 1067 915 1123 1391 756 324 884 1073 985 180 325 536 744
2 934 999
4 1048 710 805 863
8 152 625 1387 811 1364 597 1039 1305
3 13 27 23
2 602 666
6 962 1466 275 650 354 124
15 746 1290 168 359 76 123 778 223 527 1034 334 1474 415 621 1393
4 654 1415 816 994
7 1386 445 862 422 1422 971 1131
18 558 724 702 65 1486 1385 1464 556 769 1079 937 1327 1473 282 936 1150 561 1313
9 138 1377 750 688 1359 405 553 20 1266
5 1187 94 68 450 191
5 1143 429 1070 99 30
15 377 684 721 363 1226 367 1488 1469 1047 830 41 453 796 1010 501
20 1030 482 1088 72 148 19 438 1101 348 737 978 121 235 1181 1378 79 717 1404 547 581
1 1492
22 773 1169 1013 842 1265 705 631 797 458 160 242 757 1019 142 542 146 137 267 520 712 963 1331
4 280 89 544 1100
4 436 290 1307 1233
3 474 90 341
1 159
12 1130 596 1425 179 279 1230 454 104 28 1343 809 1108
9 1312 1271 440 538 616 202 1298 849 697
1 1125
2 626 1140
1 1035
4 846 476 726 314
8 1062 534 281 552 457 1285 910 920
6 698 687 676 1049 432 404
1 1468
12 551 1113 1021 795 139 770 897 1031 632 374 88 1347
4 548 330 1244 116
1 1365
7 188 1330 350 780 653 3 82
4 1348 1196 541 1118
5 328 1368 887 658 1026
4 182 528 498 271
17 1040 256 416 854 128 563 843 882 1115 497 624 1288 1022 587 491 722 63
4 1339 49 292 322
2 656 1126
9 554 227 736 1194 361 1416 318 274 1221
16 1186 91 1414 794 1167 190 559 1451 1137 1453 1409 807 1043 990 467 1105
3 810 747 439
12 1491 1407 69 1097 1490 855 799 249 225 1102 189 1483
1 336
1 34
9 1066 93 174 674 1301 958 938 507 762
5 417 967 1116 246 913
3 665 1068 891
1 502
6 1192 310 337 1054 1496 611
5 928 17 976 992 549
1 276
4 1037 108 26 1489
19 1014 508 1006 1087 1075 885 1153 1018 284 1202 186 1112 1277 464 1479 6 948 754 1374
4 487 61 150 707
3 2 176 154
1 479
3 1205 1152 1059
2 40 144
11 1036 1139 860 1263 47 205 12 31 166 1071 1446
7 1148 598 874 112 193 955 657
1 16
8 1410 451 145 340 655 503 1212 1367
2 1051 1398
3 1275 130 659
1 850
5 968 1442 896 818 894
2 961 952
11 1417 931 571 517 251 77 730 749 196 641 1361
5 817 540 1465 618 101
3 1278 1462 851
9 1499 1175 1260 1419 753 567 1358 787 509
3 4 309 73
1 273
1 1250
3 1024 652 480
2 1197 1053
2 906 1325
4 434 1124 1240 419
6 1421 1241 629 1440 1096 444
4 1080 291 167 1044
5 60 357 991 1281 181
6 229 1201 774 1180 1296 122
2 421 1487
2 1429 1178
2 779 269
4 627 1253 902 840
13 663 1390 879 320 1160 759 1471 535 591 761 1438 1200 1155
1 1210
5 1380 1481 114 543 11
4 462 338 294 215
8 1220 1025 158 238 1257 1248 1082 1246
1 1448
1 873
2 837 15
8 593 115 394 802 1375 1454 692 197
9 979 1334 1209 44 1316 617 390 677 966
6 678 739 110 135 1020 1259
2 1239 365
2 1016 1279
3 375 407 379
3 605 1300 1412
2 304 289
13 1217 706 466 883 1322 823 1337 651 1099 496 900 819 233
2 919 1264
3 443 46 853
9 504 785 1441 949 1236 813 784 590 319
1 768
7 1293 478 829 1027 1184 788 696
16 171 1165 232 1373 343 792 1198 1203 930 760 499 1411 661 732 441 857
3 1430 1283 1213
1 589
2 397 163
4 5 1159 869 946
2 220 903
5 738 1299 1383 514 1117
1 53
1 515
1 408
6 1276 92 228 1262 916 1144
9 555 1095 513 1450 1231 1336 945 7 410
9 1042 748 562 1157 1478 579 959 988 1162
1 62
2 610 81
2 221 1353
1 740
2 970 87
1 682
2 35 183
2 1093 236
1 1076
8 1138 1282 307 100 923 326 1154 582
8 393 1229 147 1055 132 1061 889 344
3 473 700 169
5 489 532 1215 560 1090
1 899
10 675 704 401 867 1432 727 1384 1463 329 1077
3 941 418 775
3 606 892 262
4 703 1363 973 647
1 216
13 456 308 690 43 630 48 669 733 378 825 511 977 711
2 164 1480
5 1243 52 411 531 85
1 1344
3 1009 1173 635
3 33 494 1272
2 956 1238
5 385 1004 954 680 339
3 184 84 384
5 173 402 209 0 311
3 964 226 247
9 771 1084 469 315 767 366 622 1107 708
2 1340 1445
4 1342 96 1114 1015
4 572 836 1484 1399
2 679 240
4 1222 1433 420 1064
5 185 177 388 492 86
6 134 1328 349 149 983 455
2 250 861
12 1151 662 80 194 987 755 646 599 448 1270 1255 1323
1 996
1 939
4 117 463 668 1355
2 975 1476
2 1258 876
1 435
8 1302 107 901 141 1207 1273 1324 1211
8 800 1174 301 1206 224 1397 277 1235
1 106
10 1012 358 1304 399 105 950 1106 447 98 212
3 380 317 206
1 243
2 888 252
6 484 1269 1396 192 427 575
1 1420
1 1149
3 36 74 1287
1 1127
3 743 1306 1395
1 927
6 1485 1190 268 1426 847 8
1 793
1 22
10 926 1354 425 951 287 368 119 870 1345 1001
3 383 1317 1242
1 530
3 689 66 95
2 720 1252
4 841 1081 789 672
1 980
4 356 234 905 500
3 1028 685 490
2 261 1320
6 200 266 848 1268 126 1315
4 943 424 483 875
4 437 1121 1326 550
2 565 764
3 670 1072 1362
2 1032 1495
12 1370 718 58 628 845 518 75 470 969 519 592 960
6 111 219 64 381 649 803
2 1120 409
3 1219 204 373
7 468 1063 56 211 120 953 1136
6 1310 265 362 1185 537 1177
1 1007
6 1427 431 576 1147 909 406
4 974 230 1232 1497
4 1193 942 1005 1443
1 1132
1 925
2 465 619
1 734
2 1083 725
1 871
5 400 1171 984 1428 172
4 1089 495 776 1335
2 893 414
1 323
5 790 472 786 694 1199
4 615 345 428 1091
7 257 313 59 391 1092 1435 972
2 1360 1208
6 1074 525 161 1228 1000 38
2 1431 620
1 833
2 413 623
1 1218
2 1189 1423
3 1011 645 127
2 594 741
10 332 131 1050 335 1376 386 912 1338 248 1366
5 878 569 1176 683 940
4 21 944 1078 136
2 886 316
4 360 298 607 283
2 1104 1256
1 995
1 203
2 70 1349
4 83 521 1292 39
9 452 715 872 798 1405 1392 693 998 982
1 1309
1 1493
4 546 199 1449 634
1 1158
5 648 300 214 821 783
1 881
4 1166 1223 1161 297
1 868
1 1329
1 1168
4 353 1045 1119 1227
2 1402 263
2 822 686
2 1002 584
1 54
3 636 285 812
5 1023 1400 347 1379 763
5 1444 1460 997 545 1069
2 1182 644
6 642 933 264 278 449 1057
3 258 1172 1289
2 1163 140
6 1389 67 911 1003 1319 155
1 1214
11 529 852 103 574 321 24 1295 1369 637 578 371
4 1085 564 1436 396
1 907
1 1371
5 510 1303 382 1382 1183
4 609 403 481 772
4 1128 613 595 1033
3 71 865 729
2 832 981
1 237
1 239
3 1459 781 709
1 55
1 331
2 600 217
2 1280 858
1 387
3 109 512 639
1 924
2 259 1086
5 986 1321 471 505 834
1 133
1 1056
2 1261 777
2 430 412
2 877 1467
3 198 9 989
1 1406
5 1352 917 270 1439 1122
2 603 815
4 143 1046 782 1418
3 1188 1129 296
4 673 856 1237 859
9 1314 97 1394 433 129 1251 1475 1041 10
2 1103 241
9 231 1110 1372 351 1447 699 614 1318 50
3 1029 1052 713
3 580 904 222
3 125 824 1350
4 1294 1413 604 1457
5 918 568 922 1225 1224
2 213 895
1 376
6 643 18 735 1017 25 814
3 1401 210 566
1 157
1 664
3 1498 533 751
4 32 1135 758 254
1 539
2 866 1170
4 1482 1065 201 195
1 178
4 1249 1308 1456 14
17 1452 522 1341 1346 1216 801 355 524 244 370 1297 898 459 695 932 808 826
9 947 1461 1142 153 827 151 1311 752 828
1 1145
2 305 1494
1 57
3 838 844 369
1 1458
2 1146 302
2 831 585
2 914 312
6 965 475 1058 1286 608 1291
1 557
1 1094
