16 0 54 116 167 180 216 36 65 168 296 161 133 13 127 95 273
10 212 33 179 75 72 143 69 149 2 183
5 275 294 299 260 136
1 34
3 41 108 31
2 87 24
3 85 184 154
8 249 99 125 135 240 189 278 9
2 88 7
2 164 297
1 110
5 80 134 259 148 210
2 103 255
7 8 64 50 157 252 288 30
1 4
4 162 62 290 193
1 159
1 246
1 286
3 203 292 78
2 276 19
1 220
3 92 58 21
1 137
5 285 15 218 227 18
1 150
3 225 82 26
3 144 107 61
3 74 1 52
3 187 105 171
4 56 263 156 60
3 38 224 91
3 213 141 17
2 63 261
1 57
4 267 207 215 47
2 200 44
1 245
2 198 129
3 79 113 230
3 226 211 130
1 232
5 166 3 106 145 192
4 188 239 14 222
2 96 270
4 53 281 39 277
1 282
5 32 214 68 209 243
3 102 244 172
2 174 29
1 28
4 284 128 169 175
2 40 146
3 241 46 123
3 204 247 132
4 217 121 122 202
2 185 77
6 271 293 94 208 49 178
1 254
2 295 274
3 11 111 237
1 258
2 158 37
5 89 27 71 66 126
1 268
4 236 117 51 176
1 86
8 253 170 256 206 251 279 186 165
1 298
3 191 163 177
2 197 118
2 160 109
5 23 70 104 67 182
4 73 140 250 194
1 22
2 195 93
5 114 155 142 280 151
1 48
1 269
1 42
1 147
4 190 5 98 139
1 6
7 76 45 289 55 59 152 115
4 10 90 101 283
1 131
2 25 262
7 83 235 229 233 153 257 173
7 287 119 12 43 100 120 84
5 138 201 265 242 238
1 81
1 16
2 181 124
2 205 35
2 291 228
3 112 248 97
4 219 199 196 266
1 20
1 223
3 264 231 272
